$ANSIBLE_VAULT;1.1;AES256
61323133396233376136646135333430643232613230666134353730313136663738623830353034
3831633432333633663535303033636137343431316263300a313662643334666132656537353332
66616365316636396631646661633561343233356265343461303066636266666265303965346234
6663393232336665650a656263303139666538613335376663363439666330613830306430356331
64303137333533386564306238386639336338316331306261333331376630326539313364353235
66323537383361653166336136363932336637336562393163663738343536393165613261656161
61303030363964376334366466656132663539333965316463396337643663336234643132653035
32386263303138666164366565366631393862356633656261343230326163383338376334633063
37663332343962643262336161313333363862326665363638636138383262376338356439643730
66386338303565373832303733353032336633353961616234323332373933363162663036396432
32656636643463633638306634346565356564333134323463656562353763663436356363653138
66623336383836356633363637626336366131363733646335663165396232393035623636616131
34323831616562633164656461353331343739363130373264366334626330303561366638346261
36643466326131396435323666373735336164333634323263626239343530633664353362316561
30666666643763366566313637343262383263653364633362326433383633333361326130613962
34376139633337306264353634393036323861656566336231623739636533303931393334336436
64356338316338613439393665326631653836643730656531353036636237633832376634646364
37666136646639656533383834393432633837646465343235646435663038663630393636383336
33353036633139643637656664326231656533363231653966643536626563313338613932616530
32353164306537336136336238393830313736336132666437303762396339623463366235623361
30373462333265313863303934633430333838356237303763643432313331396638396363303866
39333031656164386336336663623333316161643561386362363565363734373132326339306536
34366233353630343736613365656563323063643966656564373464363038303531396639646563
66373062333665633465356439613062366434643061633238663766313339656561663430393937
31353633613536306537396331663561636162326234633339636530623530346463636666616437
34633766626330393836656165316438316539373362306561323366666237653037336362376334
63353930643839616264666336643638373263613364353034623237396333393237626437623935
30386538353766613734353338313764653537353935633261643338323139656238663536366531
62653439666138353466383431373537653036623231636437353562303030393561616530393661
61306536366638666535306430646236373664646562316231616335623962396439353337626361
38653563653862643936653330306163303835393635366665323065663232323161343361396634
39356238643665393432313234346132383937613632653832653539373739363531663735376464
38656462313535376539653133613630353437386162633437373637633962346234613362363162
65376561333933353938396338376565303339396165636539303931386566663235393632313538
66636566373163393564306566633130313334643037383261653531626138386531326134373339
62303031326362343266383139353132373865613762656565616663383636656330336366396137
65616239383163353039336564613438626264663839656266666136666535313738643737346332
30633234356330653430643161376638363037643239613633373862366639356265636461643132
61343135663663353033316139323237653561663363626235323032373631363966316133623734
32383363306136333366646131396565343363303333323538326435333166313366363939306132
36383139363832366561343739393064393131633235343765343834356437616434363761636231
34636136333634303539656166343265336433383232373632373361333163333131633231356634
38636561663636666531653262376165303732333861376664326166343134336265346563623563
63646633346237313662336139396665613366623031663366663061363033343536383534363832
30646136613738303539396530323166346339383536303239366530303965623636363237616634
32633737336365653730383765616361393930316164653964393836376466306564373938653337
66313132346437643464363166373532343266326639303634376464626264626431383563623933
65643036663830393962343465303064633335363563613363613030663733373165633764313836
31623930323239386335636132666264623964306261656165313532643639396132366232343866
38616334643032336638643534613164626563323864643061353730656162313432633565613936
31383464636531363538663861373463613030666132636139323536393639303162353664346336
35303435383737383963333065323337333865333263373064366637643232613436666432623938
66336534343738626239626133663031653737326633316334303330323236643531316638613233
61633863666361396239366636383634303532643263393061353736326531343261396636373634
36313936643037303636623534653538326239633966656365363535646537623839353836373662
39326433653738303433633665333130356333376631346465623635366565316366653664383630
63616238396139646331346463306339323862353738323265323533333535383335383562666232
35343164303338313061663030306364343739623535633363623363326165316237393336306336
39353632303632663834303165623730343839666534316436376438396461613636643539356163
32343464366166373035376561643337353263656166356662313633636361636663626464396561
39646332336631323538336566356661613362323031373230303434623935343063613464313133
61303136353063386139646236643737633661393031356566343462393765393365366234383464
35336636373464376134396164643531333333386432393332383461666566323030646364633765
33633535636538616661336539643435633235346562396563363439376561343236396266643530
38636539326461386333326331383638343338313633613564343735306664373865336265323330
37376235386135313237363135646130373965353733333632303636326236616436393661633631
66323663373762393533343235396136626435313334623934313839626532616639356434666338
65633266383861666664643736396233366464643864376261303466656264396535643464323734
66373563376134656639323131653134616235363162653331306565336630376631633663396535
61383934346131326536343136373635386265623234303836643432353130373563633362646266
64313931643463633638363764343464313438616238613064343962643239363030393434326131
39653232343437343730356665346539656666356162613435323639333632653833613034643836
39643130313134326238633031623238333135383663326133383035383436323138653339343465
39373934623562393738303032343062373763356565393731313930353266616461333562323938
38656132366163373065386563653963623261363266663262643734306165656664393031326639
65323265383036636631363564333064316131656366613533613732666263306335373063653030
65616561333531323765376661386231316434653137623135666235613331646234336339323333
39393330633033633866623530316363663236333866613137643238326534666430626362643937
36373236303532326666643165333732356630386634333337383761633662666662663765656139
30326565646434376364303231313538313630616666653266626463663737636165323936316432
31376430303937636536316537656530326531363966353864623734353335616539663532666665
39363632333534363130363334636564396563653132343630616430393833323963653661633338
37663463303761633339326634393361356535383334626534646330363837343562643834313638
34623365303861373035373035653561653139643864313539626231356161633966633233613931
62343136633732393263643938326164613264343636326330303762373430633937666639363338
64626463343036323234653166343531306336636535363734336235393334353539313161333164
61383162393865353761333235653737656232303536343735326237383536313362613838346461
37616437333664386564616365376236386466646364396338313864323866383161383532346337
36386233663634656433636562626539343139363436636163373633393839373866366564653034
35383963623031636563646564303037643134666635306330376539613439373835663563346634
37383361373337343337373062623739623066373532656235316166613039386661353439656561
63653236633334393663336635633036346532633430663933613837623438323730336331336364
32373632303038613730656161613132366131333534663630326431613036313130333966633431
62393439373461626333386363316133643131326366316632343162653165366261363437326563
61313261643236306264373833313630393135623531663532396433386263616566363836356565
61313939643233383534356661376665643632653764336330636532616530333738386662623036
65633433363236336563343430383666336432336638306661643530623238333264376331306566
33653334646631393461623137656162386432363136313330613538343739303930356337363236
36646530353030626233366164303861626137323735306164653232613330386636373064333132
63373266633231626532393966643236633434316531613730616530343730373565333734343165
33623331646135343861363431366466393931373564646137633866396435386432646366316131
38336362353530313637366163393636343462303964313766636134323766656233303530623062
38346630323739636634633733383734333638666234366437376331663835623836363238323039
38653536633531373662666565373330646132376232616339373562663737333637303339326332
34646537373933643630636661306264323530623932343930343064663439333164623061623933
62633637353237656165393466383962306263633562643061666633386236373733633039393337
33396266666232616232396330363363656337353332363635346437316462363261336635343766
63356230663639323261643033646434323662313234666363643764613238636530353837373739
35616530346365613434383530653235643732623362386331393033653234303737366231646436
38383634643133336565393333303930333864313936306332623266636466393637336366383237
38323839656333336530623031633734353439316232313330383761373233623266323130643138
35626630346564326134663930656166653236303465313634363732613339323139323530396139
35636562373037616662373363333034366362666463343862306261373830373364376631356561
63353838356663363036346639333039666535663366633935346361613638326361626631363062
33633137383663333534666233323565356463383961656633323432333130363361333533653963
62666566336534363934323063353266393432616463323736363732396633633462303764623139
61633230623836613839303438613464363264626436643066326634613238313061363264363861
32643834326338313631383263613236336164336463636637313630663666653130373564376537
66356230346538663131646431316436346331376330343239346263363436613431633163323466
65656438343362373864316266353533373762653232396338666234656534326534646561373639
66323363666563373533343432666137313833323032653931393065366161666464373937333534
30383065663337653632393261666537356238336130613032643637396463393664336631313231
36363437643739626231616438646235643133643434663837653966336363303263333236643230
31653235623935623033373365346665626634663365633764643463623831346466333234393561
33663533626535666130316432366131643963626338343564613831396466633661653234303039
39366365666431393264663565366233333438323531656235643164303732616636393863636431
65613361383438336166326665343334363865626431353231653838623362613231393563653937
31363966303439656237326130643635393036346532613533393133613866643132666238633665
30653236366134613566303036363764386133613035383133396364303561343837303036633464
31343965646335383666613736633239323631653339633566383665626661323135326238333664
39306332613737663932326366326431626661656664383132303439343436656339356631306438
32353562393931636639646461396632333135343937626235623239626337393037363130623561
32653362396465656431653265623831393034316135346433663631323930323833383232373264
30623664666133373233386338376333376362393136363436323266323531356235663637386163
39323530376662633732383835373264633734396661343263353036663931636338353966383933
32646130386166393132636232323161376630383161383831616362656366386563303134336563
36366462343736616334653763376230623139326233396431316237626534656439636463633433
63343831343235383532653436393339636264636130663730636231306137373731623039356166
65653939656635326665616233663439353733646539643137363639353265336435356239353864
38393362363132383433626163653937313333386232373061363831326339653335346561323532
32366664653432376130373962663838353861666535306633333833313737313463323234633665
30636564313266653463306633386130333836383439633165393439646263383664363136393035
62396234353066616430653032636236323436353963343863353032336266623464613834666564
62316135363235323865353732316230313163633933313061633537663563613438303039303630
38313939363530316137343863663932636465633764376266666135616138336233653738666266
37323137623132353438633831646464333532343235353236373030623636383662363566303933
37363434326639396337353134383638303036373431306138396332666661653133303531343565
37366138303561373630303739663130333965383631373735386534653935663963313031376463
63636133313638366130653034353930376339356132653538326261653337363531616536393336
66623338643830316632666466666665313237663062653836636639363261346631333964313538
34633639336362376238306533636338633032393331303164333331613031393636303562366638
64313637336262366362663833323463363531316661336532363234343931326131326634653235
63366533306436623937373964366562323639653565343762663939656532376334333862316663
61366630663331633461396630363663366335396235643431383238666163613936303364636131
61333234336537346164373761353539663639363632343834666263383834623464656438626462
66303365393064373438396530303566623866313532393964383961393938326532336561353664
30386130643164373632653736313364326138323335366666633939623462363930383936333532
37343934666463326231376136623037346562633930383031313166386365613338336536653834
32666533393938366162626663633338376137646565353337663033353564333564306132613563
33626338343262646337353263663961666635353530386361633734373031363230613236353062
34333662653464643463366534653733326135613333353630343231336562636465373434333436
62396234656539623161313339623433636362303335306330373437333762323538663031646366
61323762333039323762623739653434376238383361353261356132306637353031653337653439
37306338393335366634653061646534396234376665393664643231386235663661353837393838
30323361373562343138636237343435666661663233353939313761313532316464616136303462
39616638393565623333623339316632353362353062623939666333326338396365373834326430
36633761336430336539316162363338666232323236336131626638353363333733316236643262
66643034633264386262323165616631626538643765306630363437303939663436363535643634
38313737383037656164663062313333353061336562343165343037383135393235333964613439
31643536343238396534313330326336613933653332653933366136356438633763343939376665
62383632656337633139363433383632373563306533623365323162643263346335336338393862
34663466343863663934386339323031363366666265663139333236353231663261366335363536
33333935343137393436316235613831326432313038343961353632396664646565316663636565
38363561316163646662336463373961383531326539656664363438346265363764663831316537
36366137643633323031306435313662333931336165373363663531343066323535346232373632
65336565316635393666396635323935633231626564636564383162663537613162326363643662
32346464633962336462313764353535666634373234646663373230636238303164326239633336
65643533393839663263366363393131653066383436366630643937643864363264666630373332
34343966616239643434343339323730623231643333373365653734643633633434626433346532
33626538613065366537316264386561613139633064616130663762346263356330373836613462
62356130633838616230366263653266656361386234346166373663643565313862376231343839
35393962623865333430646539643464663037333665633537666561393830663630636634376331
33623033333739646566386136386265393036633832646239303338666637623035376332303137
65373039623661383265386162373433343833396430393464376464336162356362393135396363
3563
